RAPORT KLASYFIKACJI - SZCZEGÓŁOWY
======================================================================

METRYKI PER KLASA:
----------------------------------------------------------------------
Klasa                          Precision    Recall       F1-score     Support   
----------------------------------------------------------------------
Afghanistan                    1.0000       1.0000       1.0000       15        
Albania                        1.0000       1.0000       1.0000       15        
Algeria                        1.0000       1.0000       1.0000       15        
Andorra                        1.0000       1.0000       1.0000       15        
Angola                         1.0000       1.0000       1.0000       15        
Antigua and Barbuda            1.0000       1.0000       1.0000       15        
Argentina                      1.0000       1.0000       1.0000       15        
Armenia                        1.0000       1.0000       1.0000       15        
Australia                      1.0000       1.0000       1.0000       15        
Austria                        1.0000       1.0000       1.0000       15        
Azerbaijan                     1.0000       1.0000       1.0000       15        
Bahamas                        1.0000       1.0000       1.0000       15        
Bahrain                        1.0000       1.0000       1.0000       15        
Bangladesh                     1.0000       1.0000       1.0000       15        
Barbados                       1.0000       1.0000       1.0000       15        
Belarus                        1.0000       1.0000       1.0000       15        
Belgium                        1.0000       1.0000       1.0000       15        
Belize                         1.0000       1.0000       1.0000       15        
Benin                          1.0000       1.0000       1.0000       15        
Bhutan                         1.0000       1.0000       1.0000       15        
Bolivia                        1.0000       1.0000       1.0000       15        
Bosnia and Herzegovina         1.0000       1.0000       1.0000       15        
Botswana                       1.0000       1.0000       1.0000       15        
Brazil                         1.0000       1.0000       1.0000       15        
Brunei                         1.0000       1.0000       1.0000       15        
Bulgaria                       1.0000       1.0000       1.0000       15        
Burkina Faso                   1.0000       1.0000       1.0000       15        
Burundi                        1.0000       1.0000       1.0000       15        
CAR                            1.0000       1.0000       1.0000       15        
Cabo Verde                     1.0000       1.0000       1.0000       15        
Cambodia                       1.0000       1.0000       1.0000       15        
Cameroon                       1.0000       1.0000       1.0000       15        
Canada                         1.0000       1.0000       1.0000       15        
Chad                           0.5000       1.0000       0.6667       15        
Chile                          1.0000       1.0000       1.0000       15        
China                          1.0000       1.0000       1.0000       15        
Colombia                       1.0000       1.0000       1.0000       15        
Comoros                        1.0000       1.0000       1.0000       15        
Congo                          1.0000       1.0000       1.0000       15        
Costa Rica                     1.0000       1.0000       1.0000       15        
Croatia                        1.0000       1.0000       1.0000       15        
Cuba                           1.0000       1.0000       1.0000       15        
Cyprus                         1.0000       1.0000       1.0000       15        
Czechia                        1.0000       1.0000       1.0000       15        
DPRK                           1.0000       1.0000       1.0000       15        
DRC                            1.0000       1.0000       1.0000       15        
Denmark                        1.0000       1.0000       1.0000       15        
Djibouti                       1.0000       1.0000       1.0000       15        
Dominica                       1.0000       1.0000       1.0000       15        
Dominican Republic             1.0000       1.0000       1.0000       15        
Ecuador                        1.0000       1.0000       1.0000       15        
Egypt                          1.0000       1.0000       1.0000       15        
El Salvador                    1.0000       1.0000       1.0000       15        
Equatorial Guinea              1.0000       1.0000       1.0000       15        
Eritrea                        1.0000       1.0000       1.0000       15        
Estonia                        1.0000       1.0000       1.0000       15        
Eswatini                       1.0000       1.0000       1.0000       15        
Ethiopia                       1.0000       1.0000       1.0000       15        
Fiji                           1.0000       1.0000       1.0000       15        
Finland                        1.0000       1.0000       1.0000       15        
France                         1.0000       1.0000       1.0000       15        
Gabon                          1.0000       1.0000       1.0000       15        
Gambia                         1.0000       1.0000       1.0000       15        
Georgia                        1.0000       1.0000       1.0000       15        
Germany                        1.0000       1.0000       1.0000       15        
Ghana                          1.0000       1.0000       1.0000       15        
Greece                         1.0000       1.0000       1.0000       15        
Grenada                        1.0000       1.0000       1.0000       15        
Guatemala                      1.0000       1.0000       1.0000       15        
Guinea                         1.0000       1.0000       1.0000       15        
Guinea-Bissau                  1.0000       1.0000       1.0000       15        
Guyana                         1.0000       1.0000       1.0000       15        
Haiti                          1.0000       1.0000       1.0000       15        
Holy See                       1.0000       1.0000       1.0000       15        
Honduras                       1.0000       1.0000       1.0000       15        
Hungary                        1.0000       1.0000       1.0000       15        
Iceland                        1.0000       1.0000       1.0000       15        
India                          1.0000       1.0000       1.0000       15        
Indonesia                      1.0000       1.0000       1.0000       15        
Iran                           1.0000       1.0000       1.0000       15        
Iraq                           1.0000       1.0000       1.0000       15        
Ireland                        1.0000       1.0000       1.0000       15        
Israel                         1.0000       1.0000       1.0000       15        
Italy                          1.0000       1.0000       1.0000       15        
Ivory Coast                    1.0000       1.0000       1.0000       15        
Jamaica                        1.0000       1.0000       1.0000       15        
Japan                          1.0000       1.0000       1.0000       15        
Jordan                         1.0000       1.0000       1.0000       15        
Kazakhstan                     1.0000       1.0000       1.0000       15        
Kenya                          1.0000       1.0000       1.0000       15        
Kiribati                       1.0000       1.0000       1.0000       15        
Kuwait                         1.0000       1.0000       1.0000       15        
Kyrgyzstan                     1.0000       1.0000       1.0000       15        
Laos                           1.0000       1.0000       1.0000       15        
Latvia                         1.0000       1.0000       1.0000       15        
Lebanon                        1.0000       1.0000       1.0000       15        
Lesotho                        1.0000       1.0000       1.0000       15        
Liberia                        1.0000       1.0000       1.0000       15        
Libya                          1.0000       1.0000       1.0000       15        
Liechtenstein                  1.0000       1.0000       1.0000       15        
Lithuania                      1.0000       1.0000       1.0000       15        
Luxembourg                     1.0000       1.0000       1.0000       15        
Madagascar                     1.0000       1.0000       1.0000       15        
Malawi                         1.0000       1.0000       1.0000       15        
Malaysia                       1.0000       1.0000       1.0000       15        
Maldives                       1.0000       1.0000       1.0000       15        
Mali                           1.0000       1.0000       1.0000       15        
Malta                          1.0000       1.0000       1.0000       15        
Marshall Islands               1.0000       1.0000       1.0000       15        
Mauritania                     1.0000       1.0000       1.0000       15        
Mauritius                      1.0000       1.0000       1.0000       15        
Mexico                         1.0000       1.0000       1.0000       15        
Micronesia                     1.0000       1.0000       1.0000       15        
Moldova                        1.0000       1.0000       1.0000       15        
Monaco                         1.0000       1.0000       1.0000       15        
Mongolia                       1.0000       1.0000       1.0000       15        
Montenegro                     1.0000       1.0000       1.0000       15        
Morocco                        1.0000       1.0000       1.0000       15        
Mozambique                     1.0000       1.0000       1.0000       15        
Myanmar                        1.0000       1.0000       1.0000       15        
Namibia                        1.0000       1.0000       1.0000       15        
Nauru                          1.0000       1.0000       1.0000       15        
Nepal                          1.0000       1.0000       1.0000       15        
Netherlands                    1.0000       1.0000       1.0000       15        
New Zealand                    1.0000       1.0000       1.0000       15        
Nicaragua                      1.0000       1.0000       1.0000       15        
Niger                          1.0000       1.0000       1.0000       15        
Nigeria                        1.0000       1.0000       1.0000       15        
North Macedonia                1.0000       1.0000       1.0000       15        
Norway                         1.0000       1.0000       1.0000       15        
Oman                           1.0000       1.0000       1.0000       15        
Pakistan                       1.0000       1.0000       1.0000       15        
Palau                          1.0000       1.0000       1.0000       15        
Panama                         1.0000       1.0000       1.0000       15        
Papua New Guinea               1.0000       1.0000       1.0000       15        
Paraguay                       1.0000       1.0000       1.0000       15        
Peru                           1.0000       1.0000       1.0000       15        
Philippines                    1.0000       1.0000       1.0000       15        
Poland                         1.0000       1.0000       1.0000       15        
Portugal                       1.0000       1.0000       1.0000       15        
Qatar                          1.0000       1.0000       1.0000       15        
Romania                        0.0000       0.0000       0.0000       15        
Russia                         1.0000       1.0000       1.0000       15        
Rwanda                         1.0000       1.0000       1.0000       15        
Saint Kitts and Nevis          1.0000       1.0000       1.0000       15        
Saint Lucia                    1.0000       1.0000       1.0000       15        
Samoa                          1.0000       1.0000       1.0000       15        
San Marino                     1.0000       1.0000       1.0000       15        
Sao Tome and Principe          1.0000       1.0000       1.0000       15        
Saudi Arabia                   1.0000       1.0000       1.0000       15        
Senegal                        1.0000       1.0000       1.0000       15        
Serbia                         1.0000       1.0000       1.0000       15        
Seychelles                     1.0000       1.0000       1.0000       15        
Sierra Leone                   1.0000       1.0000       1.0000       15        
Singapore                      1.0000       1.0000       1.0000       15        
Slovakia                       1.0000       1.0000       1.0000       15        
Slovenia                       1.0000       1.0000       1.0000       15        
Solomon Islands                1.0000       1.0000       1.0000       15        
Somalia                        1.0000       1.0000       1.0000       15        
South Africa                   1.0000       1.0000       1.0000       15        
South Korea                    1.0000       1.0000       1.0000       15        
South Sudan                    1.0000       1.0000       1.0000       15        
Spain                          1.0000       1.0000       1.0000       15        
Sri Lanka                      1.0000       1.0000       1.0000       15        
St. Vincent Grenadines         1.0000       1.0000       1.0000       15        
State of Palestine             1.0000       1.0000       1.0000       15        
Sudan                          1.0000       1.0000       1.0000       15        
Suriname                       1.0000       1.0000       1.0000       15        
Sweden                         1.0000       1.0000       1.0000       15        
Switzerland                    1.0000       1.0000       1.0000       15        
Syria                          1.0000       1.0000       1.0000       15        
Tajikistan                     1.0000       1.0000       1.0000       15        
Tanzania                       1.0000       1.0000       1.0000       15        
Thailand                       1.0000       1.0000       1.0000       15        
Timor-Leste                    1.0000       1.0000       1.0000       15        
Togo                           1.0000       1.0000       1.0000       15        
Tonga                          1.0000       1.0000       1.0000       15        
Trinidad and Tobago            1.0000       1.0000       1.0000       15        
Tunisia                        1.0000       1.0000       1.0000       15        
Turkey                         1.0000       1.0000       1.0000       15        
Turkmenistan                   1.0000       1.0000       1.0000       15        
Tuvalu                         1.0000       1.0000       1.0000       15        
U.A.E                          1.0000       1.0000       1.0000       15        
U.K                            1.0000       1.0000       1.0000       15        
U.S                            1.0000       1.0000       1.0000       15        
Uganda                         1.0000       1.0000       1.0000       15        
Ukraine                        1.0000       1.0000       1.0000       15        
Uruguay                        1.0000       1.0000       1.0000       15        
Uzbekistan                     1.0000       1.0000       1.0000       15        
Vanuatu                        1.0000       1.0000       1.0000       15        
Venezuela                      1.0000       1.0000       1.0000       15        
Vietnam                        1.0000       1.0000       1.0000       15        
Yemen                          1.0000       1.0000       1.0000       15        
Zambia                         1.0000       1.0000       1.0000       15        
Zimbabwe                       1.0000       1.0000       1.0000       15        

----------------------------------------------------------------------
METRYKI OGÓLNE:
----------------------------------------------------------------------
Accuracy:           0.9949
Macro avg Precision: 0.9923
Macro avg Recall:    0.9949
Macro avg F1-score:  0.9932
Weighted avg Precision: 0.9923
Weighted avg Recall:    0.9949
Weighted avg F1-score:  0.9932
